0000000
0000011
0000111
0001011
0001111
0010011
0010110
0011010
0011101
0100000
0100011
0100110
0101000
0101010
0101101
0101110
0110000
0110010
0110011
0110101
0110110
0110111
0111000
0111001
0111001
0111010
0111011
0111011
0111100
0111100
0111101
0111101
0111101
0111101
0111110
0111110
0111110
0111110
0111110
0111111
0111111
0111111
0111111
0111111
0111111
0111111
0111111
0111111
0111111
0111111
0111111
0111111
0111111
0111111
0111111
0111111
0111111
0111111
0111111
0111111
0111111
0111111
0111111
0111111
1000000
1000000
1000000
1000000
1000000
1000000
1000000
1000000
1000000
1000000
1000000
1000000
1000000
1000000
1000000
1000000
1000000
1000000
1000000
1000000
1000001
1000001
1000001
1000001
1000001
1000001
1000001
1000001
1000001
1000010
1000010
1000010
1000010
1000011
1000011
1000011
1000100
1000100
1000101
1000101
1000110
1000111
1001000
1001001
1001010
1001011
1001100
1001110
1001111
1010001
1010011
1010101
1010111
1011010
1011101
1011111
1100010
1100110
1101001
1101101
1110000
1110100
1111000
1111100
